
1.0 12.0 50.0 49.0 -5.0 0.0 231.99 101148.0 292.62 649.7 -63.6 -218.3 -188.1 198.5 10.6 356.483 1.2042 541.9466 30.0017 329173.0 0.0 0.0 0.0 0.0 0.0 101148.0 0.0 651.8 -63.6 -218.3 -188.1 198.5 10.6 5.9992 -0.8817 -20.0642 -0.4507 -3.7316 -0.0715 
2.0 12.0 52.0 19.0 -4.002 0.0 231.82 101151.0 292.65 629.5 -59.4 -131.3 -103.5 205.8 9.0 356.419 1.2041 541.548 29.9917 329015.0 0.0 0.0 0.0 0.0 0.0 101151.0 0.0 631.5 -59.9 -131.2 -103.0 204.3 9.2 5.8114 -0.8402 -9.3503 -0.4364 -3.4599 -0.0623 
3.0 12.0 53.0 33.0 -2.998 0.0 231.86 101151.0 292.68 618.3 -61.0 -46.1 -15.7 221.7 8.8 356.449 1.204 541.6418 29.9959 329004.0 0.0 0.0 0.0 0.0 0.0 101151.0 0.0 620.0 -61.5 -45.6 -14.3 215.7 9.3 5.7045 -0.8648 1.6306 -0.4092 -3.2002 -0.0631 
4.0 12.0 54.0 17.0 -2.0 0.0 232.01 101152.0 292.69 617.0 -62.0 37.9 70.4 245.9 6.5 356.553 1.204 541.9934 30.006 329100.0 0.0 0.0 0.0 0.0 0.0 101152.0 0.0 618.9 -62.6 39.4 72.3 235.8 6.5 5.6933 -0.9171 12.6597 -0.4355 -2.928 -0.0451 
5.0 12.0 55.0 18.0 -1.0 0.0 231.65 101151.0 292.69 626.0 -64.9 119.8 155.6 279.2 6.3 356.499 1.2039 541.1494 29.9827 328839.0 0.0 0.0 0.0 0.0 0.0 101151.0 0.0 628.0 -65.2 122.3 159.0 263.7 6.5 5.776 -0.9587 23.7581 -0.4154 -2.6528 -0.0453 
6.0 12.0 56.0 15.0 0.0 0.0 231.83 101151.0 292.69 648.2 -73.7 198.6 240.9 321.8 9.5 356.69 1.2039 541.5714 29.9944 328970.0 0.0 0.0 0.0 0.0 0.0 101151.0 0.0 650.2 -74.0 202.7 245.4 300.1 9.5 5.9791 -1.0623 34.8938 -0.425 -2.3936 -0.0652 
7.0 12.0 57.0 7.0 1.0 0.0 231.95 101151.0 292.69 672.2 -73.2 280.4 319.7 368.8 12.0 356.796 1.2039 541.8528 30.0022 329053.0 0.0 0.0 0.0 0.0 0.0 101151.0 0.0 673.8 -73.5 285.9 325.2 339.7 12.0 6.1952 -1.0237 45.8745 -0.4371 -2.1062 -0.0815 
8.0 12.0 57.0 50.0 2.0 0.0 231.86 101153.0 292.69 699.9 -69.1 359.7 395.7 419.9 12.5 356.815 1.204 541.6418 29.9961 328994.0 0.0 0.0 0.0 0.0 0.0 101153.0 0.0 701.5 -69.6 366.7 403.5 382.9 13.0 6.4489 -0.9494 56.7044 -0.3974 -1.8113 -0.0881 
9.0 12.0 59.0 52.0 3.0 0.0 231.92 101149.0 292.69 734.5 -73.0 432.7 473.6 478.0 11.1 357.082 1.2039 541.7824 30.0006 329032.0 0.0 0.0 0.0 0.0 0.0 101149.0 0.0 735.9 -73.4 442.2 482.8 432.5 11.1 6.7644 -1.0334 67.4282 -0.4224 -1.4978 -0.0761 
10.0 13.0 0.0 38.0 4.0 0.0 231.91 101150.0 292.69 775.3 -74.6 502.9 546.2 541.7 10.0 357.287 1.2039 541.759 29.9998 329027.0 0.0 0.0 0.0 0.0 0.0 101150.0 0.0 776.6 -76.1 513.3 556.9 486.7 9.8 7.1378 -1.0926 77.6758 -0.4345 -1.1853 -0.068 
11.0 13.0 1.0 29.0 5.0 0.0 231.85 101150.0 292.69 823.8 -76.1 568.7 613.3 612.9 10.2 357.598 1.2039 541.6183 29.9959 328981.0 0.0 0.0 0.0 0.0 0.0 101150.0 0.0 824.7 -78.1 581.5 625.9 547.4 10.1 7.5794 -1.1208 87.5921 -0.4499 -0.8599 -0.0702 
12.0 13.0 2.0 24.0 6.0 0.0 231.88 101150.0 292.69 881.6 -73.9 631.2 672.6 690.5 11.9 358.077 1.2039 541.6886 29.9978 329003.0 0.0 0.0 0.0 0.0 0.0 101150.0 0.0 882.8 -74.2 646.7 687.7 614.0 11.8 8.1129 -1.0377 97.0271 -0.4165 -0.5547 -0.0813 
13.0 13.0 3.0 18.0 7.0 0.0 231.81 101148.0 292.69 950.8 -60.8 690.4 717.8 779.3 14.6 358.877 1.2039 541.5245 29.9936 328949.0 0.0 0.0 0.0 0.0 0.0 101148.0 0.0 951.7 -61.3 707.9 735.7 690.8 15.1 8.7458 -0.7913 105.6197 -0.3705 -0.2223 -0.1025 
14.0 13.0 4.0 24.0 8.0 0.0 231.84 101145.0 292.69 1038.4 -54.4 732.4 751.8 882.4 18.7 359.651 1.2039 541.5949 29.996 328966.0 0.0 0.0 0.0 0.0 0.0 101145.0 0.0 1039.3 -54.9 752.9 771.5 780.9 18.6 9.551 -0.646 112.7965 -0.367 0.1012 -0.1252 
15.0 13.0 5.0 56.0 9.0 0.0 231.94 101147.0 292.69 1163.6 -64.4 737.7 764.0 1015.3 27.3 360.31 1.2039 541.8293 30.0022 329041.0 0.0 0.0 0.0 0.0 0.0 101147.0 0.0 1164.1 -64.9 760.5 786.5 900.7 27.4 10.6987 -0.6966 117.132 -0.3031 0.4485 -0.183 
16.0 13.0 7.0 3.0 10.0 0.0 231.86 101146.0 292.69 1347.7 -46.0 718.2 728.7 1186.2 15.2 360.638 1.2039 541.6418 29.9971 328979.0 0.0 0.0 0.0 0.0 0.0 101146.0 0.0 1348.5 -46.2 744.7 754.2 1056.7 15.1 12.3951 -0.5493 118.0169 -0.4193 0.6855 -0.1031 
17.0 13.0 8.0 18.0 11.0 0.0 231.98 101143.0 292.69 1511.3 -43.1 724.8 731.4 1338.1 16.5 360.881 1.2038 541.9231 30.0053 329061.0 0.0 0.0 0.0 0.0 0.0 101143.0 0.0 1511.7 -43.4 754.3 759.9 1193.6 16.4 13.896 -0.4881 122.3244 -0.4209 0.8827 -0.1118 
18.0 13.0 8.0 59.0 12.0 0.0 231.92 101146.0 292.7 1694.0 -52.7 734.2 746.8 1501.6 26.8 361.047 1.2038 541.7824 30.0015 329013.0 0.0 0.0 0.0 0.0 0.0 101146.0 0.0 1694.6 -53.2 766.7 778.8 1340.1 26.3 15.5782 -0.5219 127.8509 -0.3543 1.015 -0.1769 
19.0 13.0 9.0 45.0 13.0 0.0 231.95 101144.0 292.71 1870.2 -64.1 741.6 760.9 1665.3 38.2 361.318 1.2038 541.8528 30.0043 329014.0 0.0 0.0 0.0 0.0 0.0 101144.0 0.0 1870.6 -64.7 777.5 795.7 1486.6 37.9 17.1968 -0.5619 133.1563 -0.3008 1.214 -0.253 
20.0 13.0 10.0 33.0 14.0 0.0 231.74 101147.0 292.71 2189.2 -144.7 674.7 759.2 1919.6 89.0 361.955 1.2038 541.3604 29.9902 328864.0 0.0 0.0 0.0 0.0 0.0 101147.0 0.0 2189.4 -145.2 714.0 797.8 1722.3 88.5 20.1297 -1.2212 135.1897 0.0589 1.1871 -0.585 
21.0 13.0 12.0 31.0 -4.998 0.0 103.15 101147.0 292.63 307.7 -25.0 -89.7 -75.8 94.6 7.5 243.181 1.2041 240.6377 19.9921 219339.0 0.0 0.0 0.0 0.0 0.0 101147.0 0.0 309.8 -25.0 -89.7 -75.8 94.6 7.5 2.8512 -0.3054 -7.8323 -0.1017 -1.7703 -0.0498 
22.0 13.0 13.0 15.0 -4.0 0.0 103.31 101144.0 292.61 296.2 -25.6 -51.1 -41.1 98.5 6.3 243.222 1.2042 241.0109 20.0072 219519.0 0.0 0.0 0.0 0.0 0.0 101144.0 0.0 298.2 -26.1 -51.0 -40.6 97.0 6.5 2.744 -0.3354 -3.2366 -0.1884 -1.6269 -0.0433 
23.0 13.0 13.0 55.0 -3.0 0.0 103.26 101143.0 292.59 288.2 -29.8 -14.9 -2.8 107.0 7.0 243.21 1.2043 240.8943 20.0018 219488.0 0.0 0.0 0.0 0.0 0.0 101143.0 0.0 289.9 -30.3 -14.4 -1.4 101.0 7.5 2.6672 -0.3902 1.5153 -0.2027 -1.4945 -0.05 
24.0 13.0 14.0 33.0 -2.0 0.0 103.23 101143.0 292.57 287.0 -37.4 17.0 36.7 120.4 7.5 243.277 1.2043 240.8243 19.9982 219473.0 0.0 0.0 0.0 0.0 0.0 101143.0 0.0 288.9 -38.0 18.5 38.6 110.3 7.5 2.6576 -0.5131 6.2198 -0.2159 -1.3639 -0.0502 
25.0 13.0 15.0 16.0 -1.0 0.0 103.26 101142.0 292.55 290.4 -41.1 51.0 73.9 137.0 7.6 243.222 1.2044 240.8943 20.0005 219521.0 0.0 0.0 0.0 0.0 0.0 101142.0 0.0 292.4 -41.4 53.5 77.3 121.5 7.8 2.6894 -0.5637 11.02 -0.2082 -1.2521 -0.0523 
26.0 13.0 16.0 5.0 -0.0 0.0 103.27 101140.0 292.54 297.3 -42.6 85.8 109.3 159.0 7.6 243.455 1.2044 240.9176 20.0013 219546.0 0.0 0.0 0.0 0.0 0.0 101140.0 0.0 299.3 -42.9 89.9 113.8 137.3 7.6 2.7524 -0.5902 15.8841 -0.2334 -1.1136 -0.0511 
27.0 13.0 16.0 43.0 1.0 0.0 103.22 101144.0 292.51 306.5 -42.0 119.9 141.9 183.0 8.0 243.432 1.2046 240.801 19.9951 219520.0 0.0 0.0 0.0 0.0 0.0 101144.0 0.0 308.1 -42.3 125.4 147.4 153.9 8.0 2.8329 -0.5757 20.5345 -0.248 -0.983 -0.0537 
28.0 13.0 17.0 25.0 2.0 0.0 103.27 101141.0 292.49 320.3 -39.8 154.5 173.7 211.5 8.0 243.677 1.2046 240.9176 19.9995 219597.0 0.0 0.0 0.0 0.0 0.0 101141.0 0.0 321.9 -40.3 161.5 181.5 174.5 8.5 2.9593 -0.5377 25.3508 -0.2396 -0.8489 -0.057 
29.0 13.0 18.0 15.0 3.0 0.0 103.32 101142.0 292.49 337.2 -41.0 185.0 206.5 243.0 7.5 243.847 1.2047 241.0342 20.0043 219649.0 0.0 0.0 0.0 0.0 0.0 101142.0 0.0 338.6 -41.4 194.5 215.7 197.5 7.5 3.1125 -0.5676 30.0422 -0.2509 -0.7116 -0.0506 
30.0 13.0 19.0 14.0 4.0 0.0 103.29 101136.0 292.45 357.5 -39.2 216.0 237.6 278.9 7.5 243.908 1.2047 240.9642 20.0006 219648.0 0.0 0.0 0.0 0.0 0.0 101136.0 0.0 358.8 -40.7 226.4 248.3 223.9 7.3 3.2979 -0.559 34.6515 -0.2299 -0.5641 -0.0494 
31.0 13.0 19.0 51.0 5.0 0.0 103.25 101133.0 292.43 380.5 -35.4 247.2 265.2 316.8 7.3 244.05 1.2048 240.8709 19.9963 219625.0 0.0 0.0 0.0 0.0 0.0 101133.0 0.0 381.4 -37.4 260.0 277.8 251.3 7.2 3.5054 -0.5076 39.1991 -0.2416 -0.4268 -0.0487 
32.0 13.0 20.0 43.0 6.0 0.0 103.22 101131.0 292.42 405.8 -33.3 274.5 290.1 358.0 7.4 244.073 1.2048 240.801 19.9933 219586.0 0.0 0.0 0.0 0.0 0.0 101131.0 0.0 407.0 -33.6 290.0 305.2 281.5 7.3 3.7404 -0.4458 43.4658 -0.2182 -0.2823 -0.0493 
33.0 13.0 21.0 27.0 7.0 0.0 103.38 101129.0 292.41 435.6 -28.6 300.9 312.2 403.5 8.0 244.134 1.2048 241.1742 20.0086 219775.0 0.0 0.0 0.0 0.0 0.0 101129.0 0.0 436.5 -29.1 318.4 330.1 315.0 8.5 4.0114 -0.3592 47.5619 -0.1836 -0.1327 -0.057 
34.0 13.0 22.0 32.0 8.0 0.0 103.38 101125.0 292.39 473.4 -26.1 318.1 326.2 456.1 11.9 244.357 1.2049 241.1742 20.0083 219797.0 0.0 0.0 0.0 0.0 0.0 101125.0 0.0 474.3 -26.6 338.6 345.9 354.6 11.8 4.3588 -0.2787 50.7461 -0.1703 0.0154 -0.0784 
35.0 13.0 23.0 19.0 9.0 0.0 103.23 101123.0 292.37 519.8 -38.3 319.2 335.3 516.6 21.6 244.392 1.2049 240.8243 19.9933 219643.0 0.0 0.0 0.0 0.0 0.0 101123.0 0.0 520.3 -38.8 342.0 357.8 402.0 21.7 4.7818 -0.3511 52.8521 -0.1101 0.1851 -0.1431 
36.0 13.0 24.0 5.0 10.0 0.0 103.31 101121.0 292.37 578.0 -49.4 314.4 338.1 585.1 27.7 244.733 1.2049 241.0109 20.0013 219723.0 0.0 0.0 0.0 0.0 0.0 101121.0 0.0 578.8 -49.6 340.9 363.6 455.6 27.6 5.3198 -0.4505 54.4599 -0.1042 0.3141 -0.1818 
37.0 13.0 24.0 54.0 11.0 0.0 103.31 101121.0 292.37 660.3 -17.0 316.1 314.6 668.1 9.1 245.065 1.2049 241.0109 20.0013 219725.0 0.0 0.0 0.0 0.0 0.0 101121.0 0.0 660.7 -17.3 345.6 343.1 523.6 9.0 6.0732 -0.1642 55.1618 -0.2123 0.4024 -0.0604 
38.0 13.0 25.0 36.0 12.0 0.0 103.21 101122.0 292.37 752.9 -8.9 319.5 309.6 756.9 6.0 245.263 1.2049 240.7776 19.9915 219621.0 0.0 0.0 0.0 0.0 0.0 101122.0 0.0 753.5 -9.4 352.0 341.6 595.4 5.5 6.9267 -0.0811 57.2289 -0.2541 0.4353 -0.0377 
39.0 13.0 26.0 26.0 13.0 0.0 103.1 101122.0 292.35 901.3 -64.4 277.1 312.0 883.9 38.0 245.943 1.205 240.521 19.9802 219522.0 0.0 0.0 0.0 0.0 0.0 101122.0 0.0 901.7 -65.0 313.0 346.8 705.2 37.7 8.2902 -0.5705 57.8578 -0.058 0.4251 -0.2486 
40.0 13.0 27.0 3.0 14.0 0.0 103.2 101118.0 292.35 982.6 -56.2 283.4 312.7 969.2 31.3 246.643 1.2049 240.7543 19.9902 219625.0 0.0 0.0 0.0 0.0 0.0 101118.0 0.0 982.8 -56.7 322.7 351.3 771.9 30.8 9.0361 -0.5229 60.3705 -0.0932 0.5054 -0.2038 
41.0 13.0 28.0 54.0 -4.997 0.0 410.45 101116.0 292.94 1125.6 -221.2 -443.3 -298.2 342.6 33.7 470.16 1.2025 961.8359 39.9967 437852.0 0.0 0.0 0.0 0.0 0.0 101116.0 0.0 1127.7 -221.2 -443.3 -298.2 342.6 33.7 10.3802 -3.1086 -37.0845 -0.9441 -6.4664 -0.2261 
42.0 13.0 29.0 32.0 -4.0 0.0 410.53 101115.0 293.04 1093.9 -248.7 -300.9 -129.1 353.2 30.8 470.149 1.2021 962.0248 40.0076 437710.0 0.0 0.0 0.0 0.0 0.0 101115.0 0.0 1095.9 -249.2 -300.8 -128.6 351.7 31.0 10.0859 -3.5888 -17.6993 -1.0054 -6.0406 -0.2098 
43.0 13.0 30.0 28.0 -3.0 0.0 410.28 101114.0 293.13 1072.1 -232.9 -135.5 24.1 375.8 26.9 469.873 1.2017 961.4345 40.0017 437403.0 0.0 0.0 0.0 0.0 0.0 101114.0 0.0 1073.8 -233.4 -135.0 25.5 369.8 27.4 9.8806 -3.3818 2.3839 -0.9713 -5.5906 -0.1865 
44.0 13.0 31.0 6.0 -2.0 0.0 410.35 101116.0 293.18 1067.2 -209.2 30.3 170.9 411.9 22.4 469.787 1.2015 961.5998 40.0081 437346.0 0.0 0.0 0.0 0.0 0.0 101116.0 0.0 1069.1 -209.8 31.8 172.8 401.8 22.4 9.8353 -3.0676 22.4526 -0.9509 -5.1274 -0.1538 
45.0 13.0 31.0 51.0 -1.0 0.0 410.11 101118.0 293.24 1074.7 -187.2 192.3 315.1 459.5 18.7 469.791 1.2013 961.0331 40.0 437107.0 0.0 0.0 0.0 0.0 0.0 101118.0 0.0 1076.7 -187.5 194.8 318.5 444.0 18.9 9.9031 -2.7555 42.4409 -0.8976 -4.6495 -0.1308 
46.0 13.0 32.0 31.0 -0.0 0.0 409.85 101118.0 293.27 1095.7 -174.2 347.5 459.8 518.7 17.4 469.971 1.2012 960.4192 39.9893 436903.0 0.0 0.0 0.0 0.0 0.0 101118.0 0.0 1097.7 -174.5 351.6 464.3 497.0 17.4 10.0943 -2.5671 62.3208 -0.8726 -4.1596 -0.1211 
47.0 13.0 33.0 7.0 1.0 0.0 410.05 101119.0 293.3 1134.9 -173.2 493.7 601.9 593.4 20.7 470.224 1.2011 960.8915 40.001 436964.0 0.0 0.0 0.0 0.0 0.0 101119.0 0.0 1136.5 -173.5 499.2 607.4 564.3 20.7 10.4493 -2.5109 81.8224 -0.882 -3.6551 -0.1429 
48.0 13.0 34.0 0.0 2.0 0.0 410.12 101116.0 293.33 1189.7 -164.8 636.2 735.5 682.6 23.1 470.624 1.2009 961.0567 40.0071 436931.0 0.0 0.0 0.0 0.0 0.0 101116.0 0.0 1191.3 -165.3 643.2 743.3 645.6 23.6 10.9515 -2.3446 101.0053 -0.8345 -3.1227 -0.1619 
49.0 13.0 34.0 45.0 3.0 0.0 409.83 101119.0 293.37 1253.5 -156.4 772.1 861.7 780.8 26.8 470.705 1.2008 960.372 39.9949 436716.0 0.0 0.0 0.0 0.0 0.0 101119.0 0.0 1254.9 -156.8 781.6 870.9 735.3 26.8 11.5347 -2.1699 119.5414 -0.8221 -2.5656 -0.1828 
50.0 13.0 35.0 41.0 4.0 0.0 409.84 101120.0 293.39 1332.9 -164.3 895.5 988.2 892.8 31.0 471.241 1.2007 960.3956 39.9966 436685.0 0.0 0.0 0.0 0.0 0.0 101120.0 0.0 1334.2 -165.8 905.9 998.9 837.8 30.8 12.2625 -2.2642 137.5524 -0.8586 -1.9929 -0.2096 
51.0 13.0 36.0 25.0 5.0 0.0 409.64 101118.0 293.4 1419.4 -153.0 1018.5 1098.6 1011.5 33.5 471.614 1.2006 959.9234 39.9878 436549.0 0.0 0.0 0.0 0.0 0.0 101118.0 0.0 1420.3 -155.0 1031.3 1111.2 946.0 33.4 13.0528 -2.0601 154.8062 -0.8533 -1.412 -0.2266 
52.0 13.0 37.0 24.0 6.0 0.0 409.9 101116.0 293.41 1520.0 -133.5 1136.9 1195.3 1141.2 38.1 472.148 1.2006 960.5373 40.0017 436667.0 0.0 0.0 0.0 0.0 0.0 101116.0 0.0 1521.2 -133.8 1152.4 1210.4 1064.7 38.0 13.9793 -1.6654 171.2498 -0.7905 -0.8379 -0.256 
53.0 13.0 38.0 14.0 7.0 0.0 409.74 101114.0 293.41 1640.1 -128.7 1233.0 1286.4 1285.9 38.8 472.692 1.2005 960.1595 39.9942 436570.0 0.0 0.0 0.0 0.0 0.0 101114.0 0.0 1641.0 -129.2 1250.5 1304.3 1197.4 39.3 15.0799 -1.5759 186.3015 -0.7633 -0.2647 -0.2648 
54.0 13.0 38.0 58.0 8.0 0.0 409.69 101113.0 293.44 1794.3 -130.4 1301.9 1355.3 1456.5 41.2 473.057 1.2004 960.0415 39.994 436491.0 0.0 0.0 0.0 0.0 0.0 101113.0 0.0 1795.2 -130.9 1322.4 1375.0 1355.0 41.1 16.4973 -1.5806 198.9335 -0.7881 0.2971 -0.2772 
55.0 13.0 39.0 52.0 9.0 0.0 409.58 101110.0 293.46 2085.3 -79.0 1307.3 1320.6 1722.6 12.7 473.66 1.2003 959.7818 39.9906 436389.0 0.0 0.0 0.0 0.0 0.0 101110.0 0.0 2085.8 -79.5 1330.1 1343.1 1608.0 12.8 19.1703 -1.1086 203.6711 -0.9379 0.7665 -0.0924 
56.0 13.0 40.0 50.0 10.0 0.0 409.62 101105.0 293.48 2419.0 -80.1 1276.6 1285.8 2014.9 26.8 474.341 1.2002 959.8762 39.9949 436371.0 0.0 0.0 0.0 0.0 0.0 101105.0 0.0 2419.8 -80.3 1303.1 1311.3 1885.4 26.7 22.2426 -0.949 206.8866 -0.8555 1.1323 -0.1835 
57.0 13.0 41.0 35.0 11.0 0.0 409.63 101105.0 293.49 2681.4 -106.3 1285.4 1310.9 2258.8 50.7 474.934 1.2001 959.8998 39.996 436343.0 0.0 0.0 0.0 0.0 0.0 101105.0 0.0 2681.8 -106.6 1314.9 1339.4 2114.3 50.6 24.6522 -1.0732 214.9691 -0.7273 1.5722 -0.3405 
58.0 13.0 42.0 22.0 12.0 0.0 409.7 101106.0 293.53 2968.5 -120.8 1306.7 1341.9 2515.3 67.4 475.572 1.2 960.0651 40.002 436308.0 0.0 0.0 0.0 0.0 0.0 101106.0 0.0 2969.1 -121.3 1339.2 1373.9 2353.8 66.9 27.2944 -1.106 224.4722 -0.6014 1.9065 -0.4479 
59.0 13.0 43.0 11.0 13.0 0.0 409.53 101108.0 293.53 3301.8 -146.8 1319.9 1373.7 2803.7 91.2 476.341 1.2 959.6637 39.9933 436225.0 0.0 0.0 0.0 0.0 0.0 101108.0 0.0 3302.2 -147.4 1355.8 1408.5 2625.0 90.9 30.3579 -1.2256 234.2891 -0.4416 2.2096 -0.6059 
60.0 13.0 44.0 18.0 14.0 0.0 409.63 101108.0 293.55 3628.3 -162.1 1323.2 1387.4 3094.0 103.9 477.149 1.1999 959.8998 39.9995 436236.0 0.0 0.0 0.0 0.0 0.0 101108.0 0.0 3628.5 -162.6 1362.5 1426.0 2896.7 103.4 33.3591 -1.313 242.4606 -0.3647 2.5829 -0.6889 